Slug                  Memory    VCPUs    Disk    Price Monthly    Price Hourly
s-1vcpu-1gb           1024      1        25      5.00             0.007440
s-1vcpu-1gb-amd       1024      1        25      6.00             0.008930
s-1vcpu-1gb-intel     1024      1        25      6.00             0.008930
s-1vcpu-2gb           2048      1        50      10.00            0.014880
s-1vcpu-2gb-amd       2048      1        50      12.00            0.017860
s-1vcpu-2gb-intel     2048      1        50      12.00            0.017860
s-2vcpu-2gb           2048      2        60      15.00            0.022320
s-2vcpu-2gb-amd       2048      2        60      18.00            0.026790
s-2vcpu-2gb-intel     2048      2        60      18.00            0.026790
s-2vcpu-4gb           4096      2        80      20.00            0.029760
s-2vcpu-4gb-amd       4096      2        80      24.00            0.035710
s-2vcpu-4gb-intel     4096      2        80      24.00            0.035710
s-4vcpu-8gb           8192      4        160     40.00            0.059520
c-2                   4096      2        25      40.00            0.059520
c2-2vcpu-4gb          4096      2        50      45.00            0.066960
s-4vcpu-8gb-amd       8192      4        160     48.00            0.071430
s-4vcpu-8gb-intel     8192      4        160     48.00            0.071430
g-2vcpu-8gb           8192      2        25      60.00            0.089290
gd-2vcpu-8gb          8192      2        50      65.00            0.096730
s-8vcpu-16gb          16384     8        320     80.00            0.119050
m-2vcpu-16gb          16384     2        50      80.00            0.119050
c-4                   8192      4        50      80.00            0.119050
c2-4vcpu-8gb          8192      4        100     90.00            0.133930
s-8vcpu-16gb-amd      16384     8        320     96.00            0.142860
s-8vcpu-16gb-intel    16384     8        320     96.00            0.142860
m3-2vcpu-16gb         16384     2        150     100.00           0.148810
g-4vcpu-16gb          16384     4        50      120.00           0.178570
so-2vcpu-16gb         16384     2        300     125.00           0.186010
m6-2vcpu-16gb         16384     2        300     125.00           0.186010
gd-4vcpu-16gb         16384     4        100     130.00           0.193450
so1_5-2vcpu-16gb      16384     2        450     155.00           0.230650
m-4vcpu-32gb          32768     4        100     160.00           0.238100
c-8                   16384     8        100     160.00           0.238100
c2-8vcpu-16gb         16384     8        200     180.00           0.267860
m3-4vcpu-32gb         32768     4        300     195.00           0.290180
g-8vcpu-32gb          32768     8        100     240.00           0.357140
so-4vcpu-32gb         32768     4        600     250.00           0.372020
m6-4vcpu-32gb         32768     4        600     250.00           0.372020
gd-8vcpu-32gb         32768     8        200     260.00           0.386900
so1_5-4vcpu-32gb      32768     4        900     310.00           0.461310
m-8vcpu-64gb          65536     8        200     320.00           0.476190
c-16                  32768     16       200     320.00           0.476190
c2-16vcpu-32gb        32768     16       400     360.00           0.535710
m3-8vcpu-64gb         65536     8        600     390.00           0.580360
g-16vcpu-64gb         65536     16       200     480.00           0.714290
so-8vcpu-64gb         65536     8        1200    500.00           0.744050
m6-8vcpu-64gb         65536     8        1200    500.00           0.744050
gd-16vcpu-64gb        65536     16       400     520.00           0.773810
so1_5-8vcpu-64gb      65536     8        1800    620.00           0.922620
m-16vcpu-128gb        131072    16       400     640.00           0.952380
c-32                  65536     32       400     640.00           0.952380
c2-32vcpu-64gb        65536     32       800     720.00           1.071430
m3-16vcpu-128gb       131072    16       1200    785.00           1.168150
m-24vcpu-192gb        196608    24       600     960.00           1.428570
g-32vcpu-128gb        131072    32       400     960.00           1.428570
so-16vcpu-128gb       131072    16       2400    1000.00          1.488100
m6-16vcpu-128gb       131072    16       2400    1000.00          1.488100
gd-32vcpu-128gb       131072    32       800     1040.00          1.547620
m3-24vcpu-192gb       196608    24       1800    1175.00          1.748510
g-40vcpu-160gb        163840    40       500     1200.00          1.785710
so1_5-16vcpu-128gb    131072    16       3600    1240.00          1.845240
m-32vcpu-256gb        262144    32       800     1280.00          1.904760
gd-40vcpu-160gb       163840    40       1000    1300.00          1.934520
so-24vcpu-192gb       196608    24       3600    1500.00          2.232140
m6-24vcpu-192gb       196608    24       3600    1500.00          2.232140
m3-32vcpu-256gb       262144    32       2400    1565.00          2.328870
so1_5-24vcpu-192gb    196608    24       5400    1850.00          2.752980
so-32vcpu-256gb       262144    32       4800    2000.00          2.976190
m6-32vcpu-256gb       262144    32       4800    2000.00          2.976190
so1_5-32vcpu-256gb    262144    32       7200    2480.00          3.690480
